POSCAR-0 : 24.579237380236872
POSCAR-1 : 24.68153084430342
POSCAR-2 : 24.5869012459946
POSCAR-3 : 24.615139670295346
POSCAR-4 : 24.580057799993092
